  10542.00000    -43.09580     23.57230     15.47650     18.38380     66.46290     11.20240      2.56740      0.06870     11.41870     64.35090
  10542.50000    -43.22510     21.80200     16.21440     21.80650     67.52410     10.78790      2.55890      0.04870     11.40260     63.85900
  10543.00000    -43.43870     19.32550     17.17530     22.92510     67.86310     10.54850      2.59220      0.05450     11.26560     63.24490
  10543.50000    -43.66520     19.04230     18.65130     21.57100     67.39430     10.54900      2.64120      0.05900     11.09170     62.73570
  10544.00000    -43.89160     20.45450     20.25410     20.52700     65.93280     10.54950      2.61660      0.03720     10.84340     62.61400
  10544.50000    -44.11810     21.97130     21.44950     22.04950     65.55780     10.55000      2.60140      0.02470     10.43350     62.36040
  10545.00000    -44.34460     23.60070     22.29980     24.01630     65.70890     10.54160      2.60340      0.01920     10.03220     62.08650
  10545.50000    -44.57100     23.94030     22.54270     24.17260     66.09520     10.53270      2.61250      0.02110      9.63480     61.92810
  10546.00000    -44.79750     23.67770     21.67720     22.06830     66.44290     10.52390      2.62610      0.02820      9.17940     62.07190
  10546.50000    -45.02390     23.41800     20.84490     22.67170     66.56130     10.51500      2.63170      0.03630      9.14750     62.39680
  10547.00000    -45.25040     23.16110     20.96390     25.06100     66.80170     10.50620      2.63470      0.02980      9.21990     62.51820
  10547.50000    -45.47690     22.86010     21.17260     26.89110     67.20490     10.51380      2.62910      0.02650      9.29230     62.58510
  10548.00000    -45.70330     22.32820     21.39010     26.60600     66.80410     10.53460      2.60800      0.02410      9.36840     62.45440
  10548.50000    -45.82750     21.80870     21.62730     25.54560     66.13140     10.55540      2.59390      0.02450      9.56840     62.41880
  10549.00000    -45.77070     21.44570     21.32800     24.84960     67.02910     10.57620      2.57790      0.02820      9.79430     62.60520
  10549.50000    -45.71390     21.10460     20.38370     24.31080     69.88490     10.59690      2.57170      0.03560     10.06410     62.92220
  10550.00000    -45.65710     20.36090     19.48120     24.08720     71.33040     10.65560      2.55490      0.05490     10.36400     63.48180
  10550.50000    -45.60030     19.42230     18.61870     23.96650     70.70350     10.60630      2.56420      0.07710     10.62740     63.97540
  10551.00000    -45.54350     18.67410     17.68460     24.02620     69.00260     10.25260      2.54860      0.04230     10.72810     63.85370
  10551.50000    -45.48670     19.03550     16.78450     23.84540     67.32270     10.27130      2.58060      0.02940     10.50400     62.72700
  10552.00000    -45.42990     19.40380     17.47370     22.74540     67.83440     10.29540      2.61440      0.02950      9.91340     61.99770
  10552.50000    -45.37310     19.77940     19.27860     20.66890     68.68180     10.31940      2.61690      0.03320      9.37340     62.06380
  10553.00000    -45.31630     20.16210     19.91050     20.97730     70.07420     10.34350      2.62160      0.03680      9.26940     62.71170
  10553.50000    -45.25950     20.55230     20.56320     23.99340     71.30050     10.36950      2.62680      0.05170      9.52860     63.57250
  10554.00000    -45.25160     20.57240     19.99310     29.06290     71.98150     10.41620      2.64580      0.06490      9.80790     64.20440
  10554.50000    -45.38120     20.22700     18.98930     27.01030     72.98690     10.46290      2.66500      0.06280     10.08720     64.42980
  10555.00000    -45.40930     20.01670     18.02270     24.94210     75.09480     10.50960      2.63290      0.03590     10.22780     64.36840
  10555.50000    -45.43740     20.48350     17.63850     23.75490     76.03590     10.55630      2.64250      0.03170     10.24110     63.92330
  10556.00000    -45.46560     20.96110     17.78760     23.36280     75.85440     10.55470      2.62820      0.02040     10.02700     63.39230
  10556.50000    -45.49370     21.11260     18.34500     23.09840     75.33970     10.52490      2.60460      0.01180      9.91690     63.07120
  10557.00000    -45.52180     21.06570     19.09230     22.93150     74.72850     10.49500      2.60540      0.02230      9.84170     63.32190
  10557.50000    -45.55000     21.01880     19.89320     23.37010     72.97120     10.46520      2.61340      0.03480     10.19310     64.60780
  10558.00000    -45.57810     20.78020     20.23220     24.74070     71.78260     10.47250      2.60460      0.04330     10.81560     65.31710
  10558.50000    -45.60620     20.27880     19.23070     26.47390     73.53950     10.48130      2.56940      0.03720     11.43810     65.78190
  10559.00000    -45.63440     19.80750     18.27880     27.27560     74.70330     10.49010      2.52890      0.01890     12.06060     65.98390
  10559.50000    -45.66250     19.34710     17.23320     25.99480     72.98760     10.49590      2.52240      0.05850     12.51430     65.84430
  10560.00000    -45.69060     18.79040     16.15860     22.01570     68.84060     10.48190      2.55050      0.09580     12.77690     65.46420
  10560.50000    -45.71880     18.12490     15.15100     18.90850     65.45590     10.46790      2.53830      0.10660     12.72250     64.79490
  10561.00000    -45.74690     17.48290     14.09250     19.79010     65.58650     10.26580      2.56710      0.08780     11.99710     63.37020
  10561.50000    -45.76550     17.46500     13.79900     20.58760     67.15810     10.19290      2.58990      0.07750     10.32270     62.54870
  10562.00000    -45.73360     18.01740     16.40080     18.63740     66.95830     10.12000      2.57040      0.04080      9.22420     62.52830
  10562.50000    -45.70160     18.58720     22.08190     19.18100     66.77130     10.04710      2.56420      0.02370      8.55090     62.62160
  10563.00000    -45.66970     19.17500     25.27980     24.81190     67.22780      9.97420      2.57060      0.03680      8.18590     62.60720
  10563.50000    -45.63770     19.81840     26.33170     29.43530     68.13250      9.93850      2.57650      0.05930      7.96420     62.41530
  10564.00000    -45.60580     20.66550     25.99620     29.34240     70.78350      9.92800      2.57790      0.07380      8.19250     62.67880
  10564.50000    -45.57380     21.54890     25.23900     29.61030     73.70050      9.91740      2.57820      0.09020      8.54990     63.18870
  10565.00000    -45.54190     23.13900     24.28730     31.59410     74.22530      9.95750      2.59450      0.11870      9.00510     63.42250
  10565.50000    -45.50990     24.10500     23.50150     31.46140     71.98080     10.01700      2.57240      0.10550      9.31240     63.44050
  10566.00000    -45.47800     24.75150     22.75510     32.89260     70.37770     10.07610      2.59940      0.10900      9.10950     63.48240
  10566.50000    -45.35740     25.36170     22.28820     32.84580     70.74950     10.12370      2.63540      0.13920      9.07800     63.81960
  10567.00000    -45.21530     25.57660     22.61110     28.97690     71.54130     10.17130      2.61940      0.11570      9.38240     64.39150
  10567.50000    -45.07320     25.70700     22.59460     26.37280     71.31970     10.19610      2.57060      0.05940      9.79660     64.34910
  10568.00000    -44.93110     24.16930     22.19000     30.01230     71.22840     10.17350      2.57070      0.04600     10.25140     63.77310
  10568.50000    -44.78900     21.96690     21.50070     32.88280     70.49190     10.15100      2.58390      0.04070      9.92500     62.72170
  10569.00000    -44.64690     22.26860     20.83290     27.48610     67.97350     10.12840      2.60040      0.05130      9.30960     62.14270
  10569.50000    -44.50480     23.22180     20.57300     25.36290     64.25360     10.10610      2.59670      0.05560      9.00360     62.24290
  10570.00000    -44.36270     23.85430     21.06090     26.96600     62.86680     10.08460      2.57150      0.04130      8.96010     62.56900
  10570.50000    -44.22060     23.69910     21.49620     30.05690     63.14380     10.06320      2.56770      0.06360      8.95880     62.88550
  10571.00000    -44.07850     23.22120     21.37010     30.35600     63.95480     10.04170      2.55820      0.05960      8.89610     63.19190
  10571.50000    -43.93640     23.18820     21.56460     30.12840     63.77800     10.02030      2.53820      0.03920      8.66100     63.06080
  10572.00000    -43.79430     23.73560     22.92610     31.62870     63.86600      9.99880      2.54350      0.05370      8.70120     62.87730
  10572.50000    -43.65220     24.29590     23.57560     32.78090     64.42340      9.97740      2.57180      0.10640      8.85160     62.78100
  10573.00000    -43.51010     24.86940     23.89590     31.72450     65.41880     10.01320      2.54620      0.11400      9.30040     63.05870
  10573.50000    -43.36800     25.64380     23.51000     31.35030     67.15110     10.09790      2.52390      0.09050      9.88820     63.14930
  10574.00000    -43.22600     26.52900     23.13030     35.80520     69.33810     10.18260      2.54870      0.06360     10.45720     63.00080
  10574.50000    -43.08390     27.44470     21.99350     34.16730     69.77020     10.26720      2.55210      0.07150     10.53920     62.79060
  10575.00000    -43.00150     28.05160     23.32080     29.29470     71.56820     10.24680      2.54470      0.05440     10.62130     62.72880
  10575.50000    -43.05570     27.05280     24.34810     28.26390     72.61610     10.15500      2.55270      0.05830     10.65760     62.91210
  10576.00000    -43.10980     26.08950     24.40490     31.10490     72.66540     10.14900      2.58510      0.08770     10.65840     63.29920
  10576.50000    -43.16400     25.16060     24.46180     34.08590     73.34170     10.22320      2.55910      0.05640     10.76100     63.84430
  10577.00000    -43.21810     24.98830     24.27180     33.59170     75.10220     10.29740      2.54700      0.06870     10.92090     64.44220
  10577.50000    -43.27230     24.90330     24.06920     33.23570     75.67290     10.37160      2.51060      0.09300     11.24580     65.20770
  10578.00000    -43.32640     24.36630     23.86830     33.36800     75.74940     10.26550      2.45860      0.10710     11.71830     65.94030
  10578.50000    -43.38430     23.34930     21.91850     34.28050     75.53890     10.13320      2.41540      0.11720     12.49040     66.72500
  10579.00000    -43.46920     22.63510     20.09180     34.07480     73.72310     10.00090      2.39680      0.11510     13.26250     67.24860
  10579.50000    -43.55400     21.94270     19.12040     30.07450     71.49220      9.95070      2.40280      0.14420     13.74720     67.03390
  10580.00000    -43.63880     20.27460     18.17970     25.93950     68.99110      9.98020      2.39560      0.15200     13.95360     66.20390
  10580.50000    -43.72370     18.52960     17.22400     24.16250     67.35160     10.00960      2.41760      0.10120     13.94010     65.63820
  10581.00000    -43.80850     17.46020     15.71090     24.53580     67.22170     10.03910      2.49130      0.06110     13.58830     65.48480
  10581.50000    -43.89340     17.98130     15.08640     23.94720     68.15970     10.02110      2.50780      0.02410     12.75760     65.35230
  10582.00000    -43.97820     18.74960     16.15260     19.66690     69.38880      9.98180      2.52930      0.05900     11.90310     65.25390
  10582.50000    -44.06300     20.68740     17.43550     21.84710     70.76650      9.94250      2.54890      0.09800     11.60130     64.26070
  10583.00000    -44.14790     23.54760     18.82030     25.38080     71.88430      9.94740      2.53060      0.14300     11.82700     64.59190
  10583.50000    -44.23270     26.80340     19.72360     30.38460     71.95980      9.99790      2.46780      0.13290     12.49310     65.51930
  10584.00000    -44.31760     22.08230     20.25330     35.02990     71.37550     10.06160      2.43890      0.14920     13.77510     66.75390
  10584.50000    -44.40240     20.47960     20.53930     34.45120     70.69310     10.16160      2.37650      0.13660     14.88560     68.64980
  10585.00000    -44.48730     19.23530     19.72900     28.57010     68.65010     10.38510      2.28570      0.10900     15.92840     71.27680
  10585.50000    -44.57210     17.90580     17.21700     26.84610     64.59970     10.29200      2.25940      0.06050     16.65400     71.76150
  10586.00000    -44.65690     16.42260     12.39480     29.14600     59.64800      9.65710      2.36830      0.02310     17.37950     70.25430
  10586.50000    -44.87290     15.41630     10.13830     30.69940     56.10960      9.61740      2.51180      0.01310     17.15570     66.25640
  10587.00000    -45.46610     16.18010     10.48920     19.96340     56.27800      9.58480      2.56290      0.01570     15.73050     61.61420
  10587.50000    -46.05940     18.53880     12.85650     14.45500     58.76460      9.55230      2.55590      0.01650      6.33440     60.19110
  10588.00000    -46.65270     86.46930     14.62440     16.46140     62.28550      9.51970      2.55210      0.01980      5.54940     60.99780
  10588.50000    -47.24590    252.58490     16.72260     36.41090     64.99980      9.48710      2.54420      0.02680      4.76430     61.67010
  10589.00000    -47.83920    120.98480     20.47860     97.90650     67.46550      9.50110      2.53750      0.02940      5.21500     61.90040
  10589.50000    -48.43240     57.95010     25.07810    106.89270     71.27200      9.52170      2.52740      0.02940      5.78540     62.27040
  10590.00000    -49.02570     69.17720     34.62010     91.51300     76.18700      9.58240      2.50250      0.05840      6.35580     63.74280
  10590.50000    -49.61900     99.71990     62.28600     78.53740     82.68260      9.68350      2.48380      0.09970      6.92600     65.08780
  10591.00000    -49.80930    143.74750     70.00460     77.24150     88.67160     10.22410      2.47460      0.15910      8.51920     66.22240
  10591.50000    -49.96450    189.50819     61.70530     82.74020     92.44970     10.63140      2.40670      0.15280     10.34900     67.16840
  10592.00000    -50.10030    124.28750     37.98440     92.30380     91.13160     11.05330      2.34190      0.12580     13.00720     67.34170
  10592.50000    -50.10030     44.10470     22.86630     79.84690     86.90750     10.77190      2.28250      0.09930     15.11950     66.96470
  10593.00000    -50.10030     29.28960     16.88500     51.61540     82.00880     10.06840      2.23710      0.07370     16.31420     66.79830
  10593.50000    -50.01800     23.30600     16.86830     28.07880     76.62580      9.27930      2.21160      0.04450     16.63820     66.64760
  10594.00000    -49.91250     19.04690     17.80690     20.62900     72.83120      9.88740      2.25160      0.04610     16.40490     66.96450
  10594.50000    -50.34680     19.38590     16.11370     16.93150     69.50890     10.44480      2.32250      0.01340     16.06110     67.36820
  10595.00000    -51.51110     20.01680     14.61390     14.74930     64.52380     10.02840      2.47240      0.02210     15.14320     66.76530
  10595.50000    -52.47170     20.15050     13.58200     14.10180     59.48600      9.66010      2.57880      0.01950     13.61070     65.49380
  10596.00000    -52.93220     19.39580     14.39300     14.06880     55.80910      9.65530      2.61800      0.03350     11.23430     63.72170
  10596.50000    -53.69110     20.53620     16.50170     16.03520     54.52230      9.76400      2.64930      0.03810      8.82670     60.85600
  10597.00000    -54.88100     28.14910     18.81220     19.49400     55.34030      9.87270      2.64350      0.02180      7.59900     59.01580
  10597.50000    -56.62580     38.58420     21.41220     24.34690     59.13550      9.98140      2.63920      0.01190      6.75730     58.88150
  10598.00000    -58.37060     42.11070     23.77870     37.01270     65.64280     10.09000      2.63980      0.01010      7.38630     59.84460
  10598.50000    -60.12220     40.31210     25.77890     59.58950     71.46780     10.16590      2.63450      0.00890      8.48210     60.98840
  10599.00000    -61.87700     38.59020     28.50480     65.98500     73.24900     10.24160      2.62290      0.01210     10.06200     62.53750
  10599.50000    -63.63190     34.51810     31.87020     73.17600     70.19010     10.31740      2.62080      0.01920     11.86320     63.49060
  10600.00000    -65.38670     33.81650     35.08980     59.95960     53.55690     10.23650      2.60960      0.02920     13.49560     64.61320
  10600.50000    -67.14150     34.74250     35.79700     45.55080     43.82940     10.12790      2.58110      0.03400     14.33790     65.29100
  10601.00000    -68.76270     32.14910     33.36920     36.04920     36.63900     10.01920      2.53590      0.03090     14.72220     65.75430
  10601.50000    -71.03580     28.62650     31.06200     29.96080     33.59080      9.94580      2.49850      0.02670     14.32460     66.34380
  10602.00000    -72.90920     25.16890     28.91430     27.60270     33.08980      9.90850      2.47630      0.02500     13.41830     67.66600
  10602.50000    -74.09770     22.12900     26.91510     26.71090     32.87930      9.87120      2.47900      0.02390     12.66460     68.68060
  10603.00000    -75.08790     19.45620     25.09360     26.43490     32.43030      9.83390      2.49500      0.02410     12.29480     68.26580
  10603.50000    -76.07800     17.53600     22.97250     24.57360     31.94250      9.79660      2.53980      0.02710     12.10450     66.94100
  10604.00000    -77.06820     16.29350     20.63490     19.67230     32.25610      9.78410      2.58040      0.03480     11.88040     64.90750
  10604.50000    -78.05830     15.13910     19.79940     15.56600     33.06800      9.77530      2.58740      0.03950     11.01950     63.48320
  10605.00000    -79.04850     14.06640     20.35780     15.60060     34.10440      9.76660      2.59460      0.04280     10.40650     63.58170
  10605.50000    -80.03860     14.60920     20.55330     19.62510     35.49260      9.75790      2.59530      0.04960     10.23440     64.38950
  10606.00000    -80.96090     15.20660     21.04590     25.01330     36.54530      9.74910      2.56400      0.04200     10.58080     65.04880
  10606.50000    -81.53190     15.82850     21.68830     27.12890     37.26460      9.74040      2.52580      0.03600     11.17720     65.82030
  10607.00000    -82.07630     15.47690     21.18900     28.06190     37.77130      9.73210      2.51860      0.03560     12.16400     66.22210
  10607.50000    -82.45650     14.99360     20.70120     27.50460     37.49210      9.72480      2.53120      0.03240     13.14190     66.48040
  10608.00000    -82.83670     14.52540     19.96580     22.81820     37.21300      9.71750      2.53050      0.02820     14.63080     67.32030
  10608.50000    -83.21680     14.07190     19.15690     19.62380     36.93390      9.71020      2.50860      0.02240     16.17030     68.32540
  10609.00000    -83.59700     13.47880     18.38080     18.64900     36.65470      9.69100      2.49810      0.02190     17.24840     69.32240
  10609.50000    -83.97710     12.76300     17.20360     18.14900     36.36510      9.65870      2.49410      0.02720     18.09510     69.42090
  10610.00000    -84.35730     12.08510     15.69780     15.98440     36.05620      9.62640      2.48450      0.02720     18.84330     69.55940
  10610.50000    -84.73750     11.44330     14.32380     14.18650     35.74720      9.59410      2.48050      0.01790     18.53490     69.98240
  10611.00000    -85.08050     10.84100     13.13670     13.36880     35.46420      9.56180      2.48430      0.02890     17.96350     70.44220
  10611.50000    -85.31540     10.29640     12.77370     12.93650     35.21250      9.55620      2.46780      0.03030     17.39220     70.98690
  10612.00000    -85.55040      9.77910     12.38260     13.15260     35.50240      9.66640      2.45010      0.02570     16.82090     71.52070
  10612.50000    -85.78540      9.28780     11.72910     13.24450     35.66820      9.77650      2.44580      0.01880     16.20620     71.29990
  10613.00000    -86.02040      8.82120     11.05100     11.68360     33.10130      9.88670      2.45310      0.01700     15.89360     70.71130
  10613.50000    -86.25530      8.37800     10.23820     10.50990     30.48230      9.86400      2.46510      0.01760     16.18660     70.52880
  10614.00000    -86.49030      7.95710     10.01780     10.53920     30.01340      9.84130      2.47490      0.02120     16.43970     70.35220
  10614.50000    -87.03610      7.69330      9.85770     11.99690     29.97510      9.81870      2.47810      0.02520     16.37700     70.43890
  10615.00000    -87.62900      7.44180      9.74760     12.51690     29.65490      9.79600      2.46850      0.03200     16.12560     70.97490
  10615.50000    -88.22180      7.19840      9.63870     12.83640     29.65050      9.77340      2.46490      0.05160     15.88190     71.60480
  10616.00000    -88.81470      6.96300      9.53100     12.86510     30.50660      9.74570      2.44660      0.05180     15.94280     72.30590
  10616.50000    -89.40760      6.73530      9.37560     12.75390     32.08360      9.71130      2.43490      0.04480     16.54660     72.90380
  10617.00000    -90.00040      6.51510      9.21470     12.35540     33.47600      9.67690      2.43610      0.03950     17.15040     73.06860
  10617.50000    -90.59330      6.30200      9.04150     11.77650     33.64860      9.64250      2.44260      0.03380     17.80630     73.11890
  10618.00000    -91.18610      6.08040      8.62480     11.24620     33.83360      9.60800      2.46000      0.03150     18.56430     73.49750
  10618.50000    -91.77900      5.86300      7.99200     10.78180     33.76300      9.58290      2.45330      0.03060     18.67240     74.02280
  10619.00000    -92.37190      5.65340      7.50470     10.31890     32.16810      9.57560      2.43240      0.02800     18.59640     74.06430
  10619.50000    -92.60300      5.45120      7.18490      9.87740     29.97180      9.56820      2.41690      0.02430     18.50660     73.78110
  10620.00000    -92.81080      5.25630      6.98320      9.31400     28.88980      9.56090      2.42780      0.02140     18.25850     73.32780
  10620.50000    -93.01860      5.06840      6.78720      8.34320     28.85710      9.55360      2.41870      0.02320     18.01040     72.92560
  10621.00000    -93.22630      4.98280      6.71150      7.16120     29.66830      9.54630      2.39210      0.02210     17.84580     73.90070
  10621.50000    -93.43410      4.94240      6.67600      7.24220     30.40920      9.53900      2.36290      0.03260     17.73700     75.45450
  10622.00000    -93.64190      4.90240      6.64080      8.52080     30.75110      9.53160      2.35820      0.02390     17.62810     76.11260
  10622.50000    -93.74770      4.86270      6.53910      9.64810     30.63490      9.52430      2.36150      0.02100     17.13000     75.63110
  10623.00000    -93.79870      4.82330      6.44490      8.04580     30.00790      9.51700      2.35870      0.02030     17.01960     75.24160
  10623.50000    -93.84960      4.78420      6.44730      7.22890     29.29190      9.50970      2.35750      0.02350     16.91300     75.28240
  10624.00000    -93.90060      4.75800      6.49990      6.94290     29.40470      9.51740      2.36120      0.02030     16.81210     75.53490
  10624.50000    -93.95160      4.73380      6.51620      7.15520     30.16100      9.54170      2.36390      0.02670     16.76140     75.52070
  10625.00000    -93.94890      4.70970      6.45410      7.55480     30.69320      9.56600      2.35390      0.02750     16.79570     75.48260
  10625.50000    -93.75250      4.68570      6.38860      7.71470     31.46440      9.59030      2.34420      0.02530     16.78320     75.72660
  10626.00000    -93.55610      4.66190      6.30960      7.59730     31.80060      9.61460      2.34920      0.02580     16.67220     76.35120
  10626.50000    -93.35970      4.63820      6.26160      7.44350     31.76340      9.63890      2.36500      0.02730     16.50860     76.59970
  10627.00000    -93.16340      4.61460      6.14910      7.39060     31.93580      9.66070      2.38390      0.03130     16.29210     76.32290
  10627.50000    -92.96700      4.59110      6.14860      7.36270     33.74290      9.68070      2.40220      0.03150     16.07550     75.92270
  10628.00000    -92.77060      4.60140      6.11810      7.38880     35.75710      9.74150      2.42340      0.03080     15.59950     74.94800
  10628.50000    -92.57420      4.67850      6.11480      7.38700     37.44490      9.96880      2.44930      0.03470     14.31680     73.68750
  10629.00000    -92.37780      4.75690      6.21550      7.35240     37.89600     10.19610      2.49440      0.04160     12.72060     71.77170
  10629.50000    -92.18140      4.85610      6.39820      7.31800     38.86330     10.34480      2.52670      0.04240     11.38650     69.78030
  10630.00000    -91.98500      5.14060      6.86510      7.28370     42.28430     10.47610      2.56880      0.03530     10.05610     68.10090
  10630.50000    -91.54670      5.44180      7.50510      7.77330     45.70530     10.60740      2.58530      0.02950      9.34020     66.78010
  10631.00000    -90.47190      5.76070      8.20470      8.60190     47.82960     10.73870      2.59990      0.02940      9.37030     66.00790
  10631.50000    -89.39700      6.19970      8.96950     10.01830     48.53300     10.77750      2.60580      0.02980     10.28180     65.26730
  10632.00000    -88.32220      6.97750      9.80560     12.33810     47.90150     10.79670      2.60510      0.02930     12.53130     64.40760
  10632.50000    -87.24730      7.85290     10.71960     15.81790     47.27000     10.81590      2.59710      0.02500     12.58670     63.80590
  10633.00000    -86.17250      8.83810     11.80980     20.12410     46.29640     10.85040      2.57540      0.01430     12.57380     63.73320
  10633.50000    -85.09760      9.94680     13.09120     21.88590     44.85710     10.89960      2.57380      0.01270     12.89980     63.40580
  10634.00000    -84.02280     11.19470     14.56870     21.39260     41.73570     10.94890      2.56940      0.03880     13.28220     63.04620
  10634.50000    -83.01510     12.27960     15.80910     21.33560     39.35260     10.99810      2.55990      0.03490     13.66450     62.80110
  10635.00000    -82.17270     13.14330     16.70230     22.39900     38.54490     11.04730      2.54550      0.03100     13.99330     62.70420
  10635.50000    -81.33030     14.06780     17.29020     23.31110     38.06460     11.09650      2.55440      0.03350     14.30140     62.75550
  10636.00000    -80.48790     14.25300     17.44110     21.82220     37.62850     11.14140      2.56590      0.03190     14.69710     62.03130
  10636.50000    -79.64540     14.19470     17.12280     19.73700     38.80820     11.17800      2.55690      0.02830     15.16320     59.83190
  10637.00000    -79.30420     13.84620     16.63270     17.84520     40.19030     11.21460      2.54880      0.02660     15.62930     57.96460
  10637.50000    -79.09070     13.37950     16.14090     17.76250     39.84250     11.25120      2.54350      0.03000     16.09530     59.10680
  10638.00000    -78.87720     12.92850     15.25260     17.89350     38.12250     11.28770      2.51670      0.03400     16.72220     62.00000
  10638.50000    -78.66360     12.49270     14.41310     17.47880     38.82980     11.32430      2.48970      0.03210     17.11920     65.10900
  10639.00000    -78.45010     12.07160     13.61990     16.06910     39.72080     11.36090      2.48760      0.02440     17.11320     69.55720
  10639.50000    -78.23660     11.66470     12.93310     15.24520     41.29270     11.38800      2.51060      0.01120     16.53120     70.44500
  10640.00000    -78.02310     11.35000     12.57710     14.93020     44.10730     11.40990      2.53610      0.01230     15.47470     69.52740
  10640.50000    -77.80960     11.44760     12.36840     14.76360     46.69290     11.43190      2.53090      0.01370     14.73410     67.64570
  10641.00000    -77.59610     11.54610     12.57990     14.44300     46.80330     11.35690      2.52410      0.02170     14.54210     65.21520
  10641.50000    -77.92680     11.64530     13.13400     13.38440     45.32340     11.22430      2.51250      0.02850     16.02410     64.02920
  10642.00000    -78.50490     11.74540     13.71260     12.53640     42.07760     11.09160      2.46870      0.02980     16.90290     64.44630
  10642.50000    -79.08300     11.42180     14.31670     12.86580     36.29750     10.82860      2.43180      0.03400     17.78170     66.61880
  10643.00000    -79.66100     11.10060     14.53820     14.75630     32.33660     10.61770      2.41970      0.04680     17.97810     69.41690
  10643.50000    -80.23910     10.78850     14.20540     16.05580     29.99810     10.56200      2.41120      0.05200     17.13040     71.96880
  10644.00000    -80.81720     10.48520     13.63720     15.70220     30.05250     10.50630      2.41470      0.04610     15.78560     73.20990
  10644.50000    -81.65260     10.19030     13.06320     14.76250     30.73180     10.45060      2.41830      0.04020     15.09040     73.90330
  10645.00000    -83.57700      9.90380     12.32330     13.32230     30.80590     10.43320      2.41510      0.04150     14.21180     73.75400
  10645.50000    -84.80600      9.50480     11.62530     12.00910     31.36350     10.41790      2.41460      0.04850     14.06300     73.08580
  10646.00000    -85.78830      9.04230     10.96680     10.95880     31.60510     10.40250      2.40010      0.04890     14.50710     72.42440
  10646.50000    -86.77050      8.60230     10.54420     10.36880     31.56420     10.38720      2.36440      0.04050     14.81550     71.64500
  10647.00000    -87.75280      8.18370     10.23170     10.15870     31.28880     10.31350      2.35270      0.03720     15.05640     71.35690
  10647.50000    -88.73510      7.78540      9.92840     10.31040     31.37530     10.22490      2.34610      0.03430     15.29730     71.99120
  10648.00000    -89.71740      7.40660      9.64550     10.46430     32.52740     10.13400      2.34390      0.03290     15.53830     72.89960
  10648.50000    -90.69970      7.04620      9.38860     10.62050     33.57950     10.10840      2.35670      0.03310     15.61430     74.01940
  10649.00000    -91.68190      6.72230      9.13850     10.77900     32.88340     10.07600      2.34690      0.03190     15.64300     75.11530
  10649.50000    -92.14110      6.57990      8.85360     10.01640     31.82530     10.06920      2.34350      0.03750     15.67190     75.52130
  10650.00000    -92.54860      6.44060      8.56490      9.23520     31.82040     10.06250      2.34230      0.04290     15.70100     75.79810
  10650.50000    -92.95610      6.30420      8.28560      8.65450     32.68950     10.05580      2.34070      0.03870     15.73740     76.18710
  10651.00000    -93.23950      6.17060      8.01540      8.13150     33.25940     10.04910      2.34090      0.03470     15.78230     76.62610
  10651.50000    -93.32630      6.03990      7.84070      7.96840     33.05410     10.04240      2.34660      0.03120     15.68310     77.12680
  10652.00000    -93.41310      5.91200      7.67820      7.72600     32.72770     10.03570      2.36650      0.02360     15.51300     77.78630
  10652.50000    -93.49980      5.78680      7.51910      7.49980     32.81400     10.01660      2.41580      0.01850     15.33120     78.57570
  10653.00000    -93.58660      5.66420      7.36320      7.27200     33.09030      9.98230      2.45750      0.01100     15.18240     76.94640
  10653.50000    -93.67340      5.54430      7.21060      7.04000     31.88620      9.94810      2.47710      0.01510     15.17600     74.42140
  10654.00000    -93.75890      5.53610      7.06120      6.82570     30.60950      9.91380      2.42960      0.03460     15.20090     73.16310
  10654.50000    -93.53590      5.53220      6.91490      6.64170     30.10330      9.87950      2.37430      0.03470     15.41300     72.62050
  10655.00000    -93.28380      5.52840      6.77160      6.80020     31.42430      9.84520      2.38240      0.03790     15.57460     73.22550
  10655.50000    -92.84490      5.52450      6.69780      7.19190     32.28480      9.84470      2.40390      0.04170     15.68670     74.92580
  10656.00000    -92.40600      5.52060      6.90660      7.60630     32.69540      9.90120      2.41860      0.03550     15.67240     75.50680
  10656.50000    -91.96710      5.51680      7.12200      7.67660     33.56680      9.95780      2.44490      0.02940     15.59750     74.99670
  10657.00000    -91.52820      5.58140      7.34410      7.68070     34.89760     10.01430      2.46800      0.03690     15.51350     74.17230
  10657.50000    -91.08930      5.64800      7.57310      7.68480     35.88550     10.07090      2.48010      0.04040     15.37400     73.62550
  10658.00000    -90.65040      5.71540      7.80920      7.74800     36.02970     10.12970      2.50060      0.03340     15.07440     72.75350
  10658.50000    -90.21150      5.78370      7.91810      8.17380     34.92070     10.23200      2.50050      0.02760     14.85650     71.41680
  10659.00000    -90.30770      5.85270      8.01090      8.62300     32.69920     10.11460      2.49040      0.03070     14.68170     69.41980
  10659.50000    -90.47490      5.92260      8.10490      9.09680     29.94000     10.08020      2.45070      0.03070     14.50690     67.87270
  10660.00000    -90.64210      5.99330      8.21090      9.77900     28.35490     10.06080      2.41910      0.03450     14.28540     68.41420
  10660.50000    -90.80930      6.06480      8.19090     10.87790     27.35750     10.05650      2.41440      0.03820     13.84650     69.39410
  10661.00000    -90.97650      6.08610      8.09340     12.55940     27.70510     10.05230      2.41710      0.03630     13.48490     71.66380
  10661.50000    -91.14370      6.10600      7.96900     14.13090     28.95490     10.04800      2.41920      0.02990     13.15060     73.64740
  10662.00000    -91.15670      6.12600      7.86070     14.53030     30.06070     10.04370      2.42090      0.02300     13.08640     74.03200
  10662.50000    -91.13370      6.14730      7.83940     13.33190     30.70490     10.03940      2.42090      0.02080     13.22650     73.45670
  10663.00000    -91.13060      6.18900      7.97780     11.70490     30.60970     10.01860      2.40610      0.02290     13.56290     72.52070
  10663.50000    -91.14740      6.23100      8.16130     10.69430     30.48940      9.93300      2.39300      0.03070     14.16600     71.93200
  10664.00000    -91.16430      6.27320      8.53890     10.46360     30.49620      9.84730      2.37300      0.02670     14.82270     71.61400
  10664.50000    -91.18110      6.31580      8.85050     10.78140     30.66730      9.77010      2.34240      0.02150     15.46040     71.99390
  10665.00000    -91.19800      6.35860      8.98250     11.47140     31.08090      9.69770      2.33950      0.01290     15.87300     73.37730
  10665.50000    -91.21490      6.25650      8.84930     12.29540     31.61100      9.62530      2.34810      0.01930     16.04160     74.86210
  10666.00000    -91.23170      6.06390      8.42130     12.35320     31.93400      9.60720      2.35250      0.01550     15.83650     75.78240
  10666.50000    -91.24860      5.87720      8.03630     11.46440     31.88900      9.62900      2.36070      0.01770     15.54850     76.11550
  10667.00000    -91.26540      5.69620      7.69020      9.44730     31.89800      9.65080      2.37560      0.02290     15.11990     75.90800
  10667.50000    -91.28230      5.52090      7.07730      7.88420     31.89330      9.63360      2.38880      0.02810     14.69130     75.52880
  10668.00000    -91.29920      5.37530      6.88790      7.40620     31.38470      9.70620      2.40430      0.02870     14.48930     75.17190
  10668.50000    -91.31600      5.28990      6.70350      6.95720     30.89790      9.82370      2.43810      0.02700     14.37840     74.82630
  10669.00000    -91.25010      5.20590      6.52410      6.98000     31.15420      9.94130      2.46680      0.02530     14.40620     74.56720
  10669.50000    -91.06890      5.12310      6.39000      7.19640     31.40060     10.05890      2.50790      0.02210     14.69900     74.25110
  10670.00000    -90.88780      5.08770      6.42910      7.40570     31.47570     10.17650      2.54030      0.03380     14.99250     73.13960
  10670.50000    -90.70660      5.07850      6.50990      7.57590     31.91580     10.29400      2.55300      0.07440     14.97710     71.05750
  10671.00000    -90.52540      5.06940      6.69780      7.62870     32.93050     10.41160      2.51370      0.07150     14.81920     69.74630
  10671.50000    -90.34430      5.21780      6.93930      8.03060     33.38740     10.44280      2.47410      0.04770     14.42500     68.53900
  10672.00000    -90.16310      5.49010      7.07530      8.81830     33.35740     10.46210      2.46560      0.03970     14.04090     68.34210
  10672.50000    -89.84510      5.77660      7.21390      6.57410     33.36930     10.48140      2.46070      0.04080     13.85830     68.85710
  10673.00000    -90.03420      6.07800      7.35520      5.57780     33.15080     10.50070      2.45840      0.04040     13.92370     69.38650
  10673.50000    -89.78720      6.41770      7.91050      6.35630     33.14320     10.52000      2.46410      0.04550     13.98990     69.38920
  10674.00000    -89.57290      6.83330      8.58740      9.24790     33.14290     10.50200      2.47790      0.05310     14.06370     69.14710
  10674.50000    -89.31650      7.27580      9.32220     13.89420     33.26320     10.48140      2.50130      0.05120     14.08040     68.86180
  10675.00000    -89.24340      7.74700     10.24430     13.54080     33.92190     10.46070      2.51020      0.04970     13.94580     68.46520
  10675.50000    -89.13000      8.24870     11.29610     12.67280     35.00330     10.44000      2.52970      0.04640     13.67750     67.86960
  10676.00000    -89.01670      8.50770     12.45590     11.81450     36.60460     10.41930      2.53340      0.03960     13.29450     67.21580
  10676.50000    -88.90340      8.32140     12.01110     11.03320     38.18490     10.40700      2.53670      0.04410     13.19340     66.43870
  10677.00000    -88.79000      8.17800     10.31920     10.45130     37.63890     10.39900      2.54190      0.04610     13.29540     66.06200
  10677.50000    -88.67670      8.04430     10.14540     10.95720     36.10510     10.39090      2.54970      0.04080     13.53420     66.17410
  10678.00000    -88.56340      7.99520      9.97450     14.11390     37.06400     10.38290      2.56400      0.03270     13.79270     66.17140
  10678.50000    -88.45010      8.57830     10.11450     16.73070     38.96760     10.37490      2.57420      0.02520     13.70420     66.42270
  10679.00000    -88.33670      9.20390     10.98880     10.47980     40.94310     10.36680      2.54230      0.02440     13.48560     66.72050
  10679.50000    -88.22340      9.81840     12.42560      9.42260     41.70330     10.35880      2.53440      0.02360     13.10750     66.78230
  10680.00000    -88.11010      9.95260     14.05020     14.42850     41.52380     10.35070      2.52970      0.02970     12.44300     66.98810
  10680.50000    -87.99670     10.08860     14.51070     20.09990     40.13050     10.34220      2.53890      0.02940     11.63400     66.88050
  10681.00000    -87.88340     10.58260     14.79090     21.74200     36.28490     10.33320      2.54350      0.03190     10.75910     65.58000
  10681.50000    -87.76620     11.55750     14.93820     21.87290     28.95440     10.32430      2.53970      0.03270     10.08880     64.71700
  10682.00000    -87.64580     12.62240     15.77460     20.80280     24.29480     10.31540      2.52840      0.04320      9.89870     63.55500
  10682.50000    -87.52540     13.78530     16.92370     19.77750     24.00300     10.30650      2.51190      0.05000      9.62930     62.74060
  10683.00000    -87.40500     15.05530     18.04230     19.67060     25.17640     10.29750      2.50100      0.05070      9.28080     62.84740
  10683.50000    -87.28460     16.24080     19.24800     23.17740     26.33160     10.28860      2.50900      0.05140      7.98010     63.26820
  10684.00000    -87.16420     16.78910     20.53430     25.84380     26.93970     10.27970      2.49740      0.04360      7.30260     64.01480
  10684.50000    -87.04380     17.35580     21.79240     26.84780     27.42600     10.27600      2.48500      0.03590      7.25510     64.91160
  10685.00000    -87.18890     17.94170     22.62220     27.26520     27.74980     10.31130      2.48470      0.02640      7.58630     65.10140
  10685.50000    -87.43980     18.54740     23.26390     27.47780     27.84800     10.34660      2.48050      0.03750      8.10470     65.17490
  10686.00000    -87.24000     19.17350     24.01440     26.65250     28.48790     10.38190      2.47930      0.03470      8.55620     65.40760
  10686.50000    -87.02180     19.82080     24.78190     26.01980     29.64460     10.41720      2.48140      0.03190      8.90640     65.71650
  10687.00000    -86.80370     20.37850     25.57410     26.17720     31.41280     10.45260      2.49140      0.03830      8.86290     66.43520
  10687.50000    -86.58550     20.92730     25.55810     26.38090     34.71420     10.48790      2.50060      0.04000      8.92490     66.86070
  10688.00000    -86.36740     21.49090     25.27600     27.56670     39.01520     10.52320      2.50220      0.03400      9.06800     66.24700
  10688.50000    -86.14920     22.02580     24.99690     27.87360     41.64050     10.55380      2.51350      0.03080      9.60920     65.66670
  10689.00000    -85.93100     22.26730     24.77830     25.86520     42.14310     10.57870      2.52370      0.04120     10.15040     65.32780
  10689.50000    -85.71290     22.51140     24.65890     24.90590     41.52530     10.60360      2.53810      0.05020     10.69160     65.80780
  10690.00000    -85.49470     22.12720     23.74790     25.06870     41.68120     10.61430      2.54260      0.05960     10.81410     66.61660
  10690.50000    -85.27660     21.04600     22.20710     25.49340     44.49570     10.58490      2.54830      0.06960     10.37920     67.42770
  10691.00000    -85.05840     20.01750     20.91660     26.17400     47.72220     10.55540      2.54500      0.05940      9.92000     67.64850
  10691.50000    -84.82470     19.03940     19.70110     26.99850     52.49280     10.57020      2.53550      0.04540     10.06870     67.59150
  10692.00000    -84.50590     18.12170     18.55620     25.15830     57.51170     10.61960      2.55320      0.05740     10.47610     67.00200
  10692.50000    -84.18700     17.25260     17.55750     18.24490     61.68040     10.66910      2.57520      0.07620     11.52580     66.09690
  10693.00000    -83.35990     16.42510     17.34120     16.95280     62.91150     10.96270      2.58900      0.10390     12.92260     65.49920
  10693.50000    -82.43300     15.63730     17.12750     17.10750     60.40330     11.28650      2.58100      0.12990     14.36580     64.81400
  10694.00000    -81.50610     15.51320     17.24750     18.13980     56.23610     11.52290      2.56020      0.12720     15.94900     64.18520
  10694.50000    -80.57930     15.57070     17.03970     19.51660     49.34920     11.14490      2.51900      0.06430     15.89670     63.80250
  10695.00000    -79.65240     15.62840     16.44900     20.39140     45.75310     10.76690      2.55580      0.03940     14.88000     63.89500
  10695.50000    -78.72550     15.68630     16.00660     19.93590     40.38170     10.34400      2.54490      0.03040     12.76140     64.33830
  10696.00000    -77.70850     15.81830     16.43710     20.11770     35.28140     10.30380      2.52390      0.03240     11.91420     65.84360
  10696.50000    -76.50850     16.65720     17.07060     20.68910     32.37370     10.26360      2.51610      0.04140     11.02180     67.21660
  10697.00000    -75.30850     17.54060     17.72860     20.10350     30.61550     10.22340      2.51480      0.03390     10.12940     68.93420
  10697.50000    -74.10860     18.47080     18.99710     19.32100     29.26200     10.18320      2.51860      0.02270      9.18440     70.75810
  10698.00000    -73.65880     18.34460     20.77230     21.76180     27.96570     10.15470      2.52620      0.02760      8.50380     69.48140
  10698.50000    -73.64090     17.87800     21.76450     23.46870     27.23220     10.14170      2.52980      0.03450      7.80620     65.36100
  10699.00000    -73.76180     17.42330     20.77450     20.49700     27.59730     10.12870      2.54580      0.04640      6.85040     63.62690
  10699.50000    -73.88280     18.32070     19.51750     18.80540     28.97500     10.11560      2.53550      0.04400      6.23600     62.08140
  10700.00000    -74.00380     19.65970     21.47060     19.97720     31.54070     10.22560      2.54990      0.06320      5.97820     61.64130
  10700.50000    -74.12470     21.86020     24.14790     21.78620     33.80470     10.38800      2.55490      0.09320      6.28050     61.24700
  10701.00000    -73.36530     24.54740     26.01900     24.68180     35.31960     10.61320      2.55480      0.10230      6.91260     60.68770
  10701.50000    -72.43560     27.38550     27.44360     28.77570     36.67700     10.74110      2.53580      0.09530      7.37520     60.65470
  10702.00000    -71.50590     30.13110     28.94630     33.57720     38.81220     10.81030      2.53680      0.08960      8.14380     60.74850
  10702.50000    -70.57610     33.15200     29.81350     37.12180     41.86040     10.75220      2.55130      0.07840      8.81650     60.21440
  10703.00000    -69.64640     36.16300     29.29600     40.51310     45.59840     10.69420      2.60530      0.10210      9.21490     60.38150
  10703.50000    -68.58010     37.82220     28.32970     43.67720     48.38110     10.76190      2.61830      0.12330      9.45320     60.34280
  10704.00000    -67.42710     39.55740     26.10890     43.29330     49.98390     10.94390      2.61170      0.12540      9.68440     59.65030
  10704.50000    -66.27410     41.37240     26.33130     42.91280     50.38500     10.86810      2.60210      0.11420      9.90850     59.54970
  10705.00000    -65.12110     43.62540     32.51510     42.72950     48.21690     10.71920      2.57930      0.11170     10.13260     59.39800
  10705.50000    -63.96810     46.46400     47.61710     46.03840     43.83520     10.57040      2.53020      0.10090     10.35670     59.28080
  10706.00000    -62.98850     49.48740     58.88060     68.78640     42.69200     10.61910      2.49400      0.08890     10.46600     59.50890
  10706.50000    -62.05090     51.54240     62.98980     68.36100     43.20620     10.81310      2.46810      0.08800     10.40530     59.11210
  10707.00000    -61.11340     51.69270     67.38580     67.93830     43.93950     11.00720      2.47420      0.10680     10.20180     58.56330
  10707.50000    -60.17590     50.79230     50.98080     61.82660     44.53430     10.87310      2.50410      0.11660      9.98090     58.35690
  10708.00000    -59.23830     50.11920     34.92590     53.10190     45.67490     10.61600      2.53620      0.08780      9.15360     58.32840
  10708.50000    -58.30080     50.67020     25.78570     51.69760     46.56300     10.28570      2.54710      0.07720      8.40270     58.84220
  10709.00000    -57.60610     51.38130     21.22220     52.31850     47.39240     10.58550      2.54910      0.09450      7.65190     58.81250
  10709.50000    -56.60260     55.70430     23.74090     53.51260     49.21480     10.54860      2.52640      0.11490      7.01960     58.00780
  10710.00000    -55.95560     60.39100     36.59150     59.04890     50.90320     10.50420      2.51580      0.12510      6.86070     57.33340
  10710.50000    -55.30860     64.37390     85.93280     65.11370     52.33410     10.46810      2.53210      0.11820      6.98020     57.09350
  10711.00000    -54.66160     66.35890    560.45209     65.78140     51.90470     10.57620      2.57100      0.14310      7.48290     57.44800
  10711.50000    -54.04940     68.40520    615.04419     65.44050     49.20940     10.70200      2.59320      0.18600      8.42690     58.79130
  10712.00000    -53.80780     70.51460    196.64970     71.69820     46.00130     10.82770      2.58700      0.16480      9.37100     59.75830
  10712.50000    -53.56620     74.70870    103.55220     78.55420     43.82820     10.87970      2.59770      0.14910     10.22640     60.60660
  10713.00000    -53.32460     81.52040     58.17400     80.63370     41.25410     10.79790      2.61730      0.15020     10.04400     60.51190
  10713.50000    -53.08300     88.95330     40.62070     76.16540     37.38270     10.71600      2.61930      0.15010      9.52070     59.56930
  10714.00000    -52.84140     96.32040     33.80520     66.44160     33.34320     10.63420      2.55150      0.10560      8.50390     59.46200
  10714.50000    -52.69310     92.56780     34.26500     54.66220     31.15070     10.55880      2.50330      0.05870      7.59970     60.00340
  10715.00000    -52.55060     88.96150     39.42380     49.88070     32.57300     10.55300      2.51290      0.04860      6.69550     60.42550
  10715.50000    -52.40800     77.52390     40.77810     49.69990     35.66710     10.54720      2.51790      0.04790      5.77400     60.56490
  10716.00000    -52.26550     66.46110     37.05470     52.86720     40.44570     10.53820      2.55280      0.05980      5.03940     59.75050
  10716.50000    -52.12300     57.78000     34.41660     55.04340     45.30730     10.49260      2.56870      0.06060      5.53060     58.85710
  10717.00000    -51.98040     56.37100     36.71670     53.37060     47.11330     10.44700      2.60370      0.09060      6.01640     58.31950
  10717.50000    -51.83790     63.41740     46.98620     58.35680     45.31250     10.40150      2.61380      0.12340      6.17870     58.31250
  10718.00000    -51.69540     86.99970     59.54480     65.68680     42.47590     10.35590      2.58010      0.09990      6.19540     58.90360
  10718.50000    -51.52850     93.57720     66.58630     72.00670     41.93240     10.30770      2.55200      0.06950      6.21220     59.67040
  10719.00000    -51.35650     76.55940     68.43510     75.50140     45.41400     10.25700      2.58760      0.07810      6.22890     61.22800
  10719.50000    -51.18450     65.75430     63.71090     79.16580     48.68420     10.27020      2.62160      0.06320      6.23560     63.47900
  10720.00000    -51.01240     67.44540     45.29390     83.00800     49.65980     10.32660      2.64280      0.04220      6.30680     59.22310
  10720.50000    -50.84040     77.03770     43.93270     66.85730     49.86990     10.37300      2.67230      0.03890      6.62340     57.22590
  10721.00000    -50.67420     89.92630     52.62560     53.33400     49.98750     10.27410      2.66940      0.03390      7.00740     57.18920
  10721.50000    -50.51480     94.67160     70.08350     45.60050     50.10510     10.17520      2.65630      0.03630      7.07110     58.15180
  10722.00000    -50.35540     87.88860     73.84390     54.52980     50.46390     10.05630      2.64540      0.03420      7.01160     58.92280
  10722.50000    -50.19610     72.23020     53.49750     81.76600     52.18620      9.89890      2.63090      0.03980      7.15860     58.61950
  10723.00000    -50.03670     69.16910     43.81760     81.81260     53.56240      9.74150      2.61760      0.05580      7.58000     58.43890
  10723.50000    -49.87730     69.37650     43.51860     60.30350     53.20520      9.58410      2.61720      0.08600      8.65360     58.64200
  10724.00000    -49.71790     81.33440     49.79030     50.91240     51.24330     10.08200      2.58260      0.12330     10.33920     59.44850
  10724.50000    -49.55860    109.54830     61.33270     48.33590     48.12210     10.21880      2.53960      0.10040     12.02480     61.04980
  10725.00000    -49.39920    100.57010     69.92440     54.23510     44.47510      9.80740      2.49630      0.03920     12.85330     64.00950
  10725.50000    -49.23980     68.39000     57.18850     57.06860     42.29280      9.42600      2.52290      0.00860     12.21010     65.86260
  10726.00000    -49.08040     50.99680     41.79570     59.52920     41.93440      9.41490      2.57280      0.01990      6.26860     65.01510
  10726.50000    -48.92100     41.26900     26.03910     62.09580     41.70090      9.45140      2.59210      0.03400      5.45340     63.16290
  10727.00000    -48.70120     32.14270     16.38240     65.20030     41.87680      9.51820      2.60980      0.04540      5.33430     60.63690
  10727.50000    -48.47940     29.71210     13.48260     43.34910     43.72040      9.54590      2.60830      0.04070      5.11210     58.52410
  10728.00000    -48.25770     36.14920     35.33790     25.28410     48.34550      9.56580      2.59520      0.03950      4.78510     57.47800
  10728.50000    -48.03600     39.80570    228.01080     19.95780     56.85170      9.64510      2.58580      0.05880      4.57830     57.15210
  10729.00000    -47.81430     47.37970   1407.56738     39.45140     64.80640     10.00670      2.61640      0.10480      4.88780     56.98580
  10729.50000    -47.58880     65.85140     41.04010     63.53840     72.32620     10.35980      2.65140      0.17980      5.83370     56.97810
  10730.00000    -47.35890     57.38030     36.66780     82.27690     74.87300     10.55960      2.64060      0.20530      7.28780     57.46060
  10730.50000    -47.12890     59.91800     39.87460     80.09630     74.15370     10.82770      2.60530      0.19360      8.74180     58.12250
  10731.00000    -46.89890     81.37200     77.56130     84.43820     73.70860     11.24200      2.60420      0.17990     10.73410     58.79500
  10731.50000    -46.66890    144.79350    103.03660    101.28230     73.58190     11.19860      2.63000      0.18490     12.19500     60.01380
  10732.00000    -46.43890    182.63519     82.85870    121.48650     72.65070     11.15520      2.63220      0.20080     12.80980     60.88600
  10732.50000    -46.20890    140.64270     49.11130    123.88380     71.34620     11.16770      2.59790      0.19890     12.97620     61.67860
  10733.00000    -45.97890    105.34590     32.88800     93.06630     68.75140     11.27250      2.58740      0.19750     12.92480     62.40810
  10733.50000    -45.74890     77.03130     28.03920     53.92090     66.92430     11.37730      2.57690      0.19180     12.15200     62.68560
  10734.00000    -45.51900     56.32700     29.67010     38.22830     66.88900     11.48210      2.57470      0.18930     11.29770     62.71030
  10734.50000    -45.35870     43.65280     32.41820     35.66330     67.20130     11.56790      2.57750      0.19490     10.44340     62.65950
  10735.00000    -45.21570     41.34850     35.42080     35.61210     68.20500     11.65140      2.57710      0.20000      9.89380     62.26030
  10735.50000    -45.07280     39.16590     33.64560     37.94920     70.05430     11.73480      2.56920      0.20650      9.85210     61.54920
  10736.00000    -44.92980     36.58850     31.17710     38.23930     73.20620     11.79990      2.55660      0.20450      9.81030     61.37350
  10736.50000    -44.78690     34.32460     30.24730     34.31900     76.12270     11.63710      2.54710      0.19350      9.78230     61.63080
  10737.00000    -44.64390     33.11800     30.52030     30.87250     77.39730     11.47420      2.54770      0.16720     10.00070     62.05060
  10737.50000    -44.50100     31.95380     30.43190     35.98560     78.58510     11.34440      2.54620      0.15370     10.27810     62.28270
  10738.00000    -44.18970     31.25530     29.63290     39.04000     80.72860     11.27870      2.55380      0.14520     10.61500     62.14950
  10738.50000    -43.85400     30.95220     27.52950     38.28930     84.18850     11.21310      2.56650      0.14190     11.14940     61.81420
  10739.00000    -43.51820     30.87570     27.22580     34.20400     87.37190     10.95930      2.56680      0.13330     12.20330     61.60400
  10739.50000    -43.18250     31.70160     27.24340     30.55460     90.30650     10.71600      2.56730      0.14630     12.89360     61.83140
  10740.00000    -42.84670     32.54950     28.48880     27.51240     91.42260     10.96430      2.58280      0.16750     13.27970     62.37570
  10740.50000    -42.51100     32.78580     31.44780     31.69300     92.83000     11.50490      2.54620      0.16190     13.92530     62.88490
  10741.00000    -42.47130     32.64940     32.52600     36.50880     95.24250     12.01450      2.52830      0.17350     14.63610     63.23140
  10741.50000    -42.48400     32.70180     31.43250     33.57650     96.38980     12.25910      2.51490      0.18990     15.34700     63.68730
  10742.00000    -42.49670     32.87770     30.42790     31.00430     95.58160     12.49740      2.43890      0.17010     16.05780     64.37550
  10742.50000    -42.50940     33.05450     29.45550     30.08170     91.53440     12.42820      2.35030      0.14330     16.76870     65.25500
  10743.00000    -42.52210     32.33700     28.13970     30.23490     87.20150     12.50110      2.23280      0.10780     17.53760     66.74650
  10743.50000    -42.53480     30.46390     26.52720     30.39950     84.99380     12.80560      2.15400      0.08950     18.37200     68.25190
  10744.00000    -42.54750     28.69940     24.05170     28.50750     85.41980     13.67450      2.10830      0.10180     19.00680     69.26770
  10744.50000    -42.47340     27.03700     21.79480     26.43490     87.20770     13.86450      2.10130      0.10830     19.25500     70.03950
  10745.00000    -42.33750     23.92770     19.54080     23.86500     89.34590     13.21050      2.22610      0.12390     19.22150     70.21130
  10745.50000    -42.20160     20.88050     17.32120     21.57390     91.60250     12.99000      2.35200      0.15390     18.98070     70.12790
  10746.00000    -42.06980     18.22130     14.59760     19.20110     94.20370     12.72680      2.39530      0.15150     18.09790     69.59580
  10746.50000    -41.96360     15.90080     12.51340     18.65810     95.63400     12.27650      2.45590      0.14660     17.21510     68.53010
  10747.00000    -41.85740     15.07390     11.29680     17.94460     94.64230     11.99560      2.50040      0.16120     16.77710     67.34970
  10747.50000    -41.75130     14.78230     12.09170     15.56670     93.38090     11.61610      2.50280      0.15120     16.51990     66.28850
  10748.00000    -41.64510     14.95800     12.94160     13.42260     93.49030     11.61200      2.53000      0.15680     16.32800     65.73590
  10748.50000    -41.53890     17.09970     13.81690     15.82460     94.40230     11.81440      2.54650      0.18230     16.13610     65.30290
  10749.00000    -41.43270     18.02780     14.75150     18.70260     94.12800     11.46460      2.52090      0.19250     15.84400     64.89450
  10749.50000    -41.38670     17.61980     15.67050     20.54000     92.29740     11.14990      2.56370      0.20500     15.54220     64.31070
  10750.00000    -41.52310     17.58950     16.15970     21.70720     89.46550     11.38690      2.60890      0.20060     15.26370     64.07140
  10750.50000    -41.68650     18.98890     17.38610     22.23700     86.44730     11.61130      2.60040      0.18330     14.99800     64.42350
  10751.00000    -41.89270     20.49970     17.79920     22.66640     84.69660     11.94980      2.58970      0.17410     14.77190     64.37980
  10751.50000    -42.09880     22.27410     18.63100     23.19270     85.83880     11.88190      2.56800      0.18370     14.56840     64.49500
  10752.00000    -42.30500     24.92620     19.95600     23.82360     88.51060     11.74000      2.51630      0.17580     14.40980     64.89240
  10752.50000    -42.51110     26.36930     21.02560     24.48340     90.07750     11.85020      2.45230      0.16320     14.40980     65.15200
  10753.00000    -42.71730     26.72990     20.84140     25.96320     90.74360     11.99340      2.42570      0.17080     14.62970     64.89540
  10753.50000    -42.92350     26.48050     19.99000     25.81800     92.48470     12.13660      2.41920      0.17420     15.18100     64.85790
  10754.00000    -43.11870     26.16680     19.24010     25.48120     95.34910     12.27990      2.42020      0.17710     15.75200     65.49380
  10754.50000    -43.31010     25.85680     19.75170     25.37180     96.26640     12.69230      2.42170      0.17630     16.32300     66.53080
  10755.00000    -43.50150     25.55060     20.24510     25.32700     94.27470     13.00220      2.41610      0.16470     16.88760     67.54280
  10755.50000    -43.69290     25.24790     20.78600     25.59470     91.59260     12.78270      2.40110      0.15190     17.30520     68.44520
  10756.00000    -43.88430     24.49010     20.84890     26.03980     88.45030     13.11150      2.39610      0.14590     17.76450     69.38960
  10756.50000    -44.07570     21.69600     19.00680     25.57690     85.96800     13.65550      2.35020      0.14310     18.28380     70.03000
  10757.00000    -44.26710     19.53350     17.37550     23.42090     84.74270     14.25970      2.29190      0.13270     18.95760     70.41950
  10757.50000    -44.45850     17.92430     16.05130     20.69210     82.92960     13.92680      2.24120      0.12060     19.84060     71.50140
  10758.00000    -44.64990     16.44770     14.82800     18.28120     76.91890     13.58650      2.19560      0.09420     19.72280     72.46760
  10758.50000    -44.68230     15.09630     13.69790     16.15130     71.38610     13.08700      2.18780      0.07690     18.57760     73.21020
  10759.00000    -44.70790     13.89050     12.65390     15.87280     61.05950     11.38450      2.25460      0.08280     17.40970     73.17910
  10759.50000    -44.73350     12.78100     11.03010     15.66420     54.89100      9.32520      2.40230      0.04600     14.68090     71.18470
  10760.00000    -44.75920     11.76010      9.84080     14.67180     55.56000      9.13210      2.54250      0.02080      7.64770     67.42360
  10760.50000    -44.78480     11.56110      9.54640     13.84180     60.00280      9.03070      2.58050      0.04640      4.29000     63.43420
  10761.00000    -44.81040     12.02690     10.45450     13.16600     66.28920      9.00540      2.59850      0.05520      3.65770     60.31310
  10761.50000    -44.83600     13.66810     12.35420     12.52320     74.73360      9.01000      2.56120      0.04410      3.88040     58.31850
  10762.00000    -44.86160     17.23930     15.06020     21.10860     84.37670      9.05740      2.55410      0.07670      5.12050     57.77210
  10762.50000    -44.87510     21.61690     19.55070     59.13480     88.88730      9.24680      2.56900      0.13240      6.51790     57.83460
  10763.00000    -44.87160     43.44790     20.68100     76.18920     88.42710      9.90950      2.55480      0.15790      7.91530     58.36790
  10763.50000    -44.86810     52.43310     24.26280     82.26810     86.79420     10.59530      2.49790      0.15660      9.45490     59.56780
  10764.00000    -45.01480     48.20100     46.01030     99.93460     85.74740     10.12560      2.48980      0.14110     11.65210     61.22280
  10764.50000    -45.27530     51.60360     45.29780     94.18420     85.24980     10.34220      2.52050      0.15410     13.60430     63.03320
  10765.00000    -45.19020     76.05100     36.96430    104.50150     83.69650     10.59440      2.48870      0.13690     13.18840     64.49890
  10765.50000    -45.03710     93.79870     24.56400    127.81920     79.37820     10.94420      2.48420      0.12600     12.77250     65.05410
  10766.00000    -44.88400     86.84580     22.25890     75.66750     77.05810     10.59450      2.49250      0.13380     12.27220     65.07490
  10766.50000    -44.73100     53.80560     22.09780     40.89880     75.47610     10.28180      2.50210      0.13980     11.72210     64.56230
  10767.00000    -44.57790     33.98460     22.48910     37.45300     73.16750     10.19340      2.54790      0.14560     11.08040     63.85140
  10767.50000    -44.42480     28.66740     21.50940     36.67750     71.48930      9.88810      2.56270      0.14910     10.29670     63.71410
  10768.00000    -44.27180     24.97460     20.78820     35.46650     69.99120      9.91140      2.57190      0.13670      9.63920     63.59680
  10768.50000    -44.15970     22.48570     20.37170     33.81920     68.54760     10.26530      2.59020      0.14190      9.25660     63.17950
  10769.00000    -44.31540     21.68310     20.65620     34.82880     69.07130      9.62340      2.57110      0.10990      9.09660     62.51890
  10769.50000    -44.47120     21.90740     20.94470     38.26700     71.77750      9.36480      2.55080      0.11350      9.11180     61.61820
  10770.00000    -44.62690     23.05690     21.03520     40.03950     75.40560      9.53770      2.53760      0.14630      9.92190     60.64540
  10770.50000    -44.87450     24.95390     20.79920     38.38330     73.56580     10.06960      2.55670      0.20160     11.20830     60.20020
  10771.00000    -44.74780     26.90900     22.46760     36.73700     65.75930     10.31480      2.51990      0.21020     12.49470     60.99900
  10771.50000    -44.61680     28.33280     24.89560     36.63920     58.50340      9.86180      2.51250      0.16440     13.75940     63.17900
  10772.00000    -44.56650     29.45740     25.56680     40.97130     54.49080      9.37380      2.53730      0.10750     11.33710     64.50060
  10772.50000    -44.51630     27.85500     23.07850     52.11540     53.84640      9.00360      2.55620      0.05200      8.62650     64.79790
  10773.00000    -44.46600     26.33970     18.48500     62.10840     55.68640      8.99830      2.59240      0.02990      7.39520     63.29880
  10773.50000    -44.41580     25.96970     15.85820     53.75420     57.59590      9.00010      2.61740      0.04420      6.64590     61.47950
  10774.00000    -44.36560     26.70630     17.39390     32.36860     61.43400      9.00190      2.61240      0.03020      5.89660     60.13960
  10774.50000    -44.31530     29.93560     22.94180     25.98690     68.40420      9.00370      2.61090      0.03290      5.63370     59.42210
  10775.00000    -44.18290     37.08680     30.43290     30.13070     74.01230      9.04190      2.64440      0.03440      6.16720     59.40170
  10775.50000    -44.01680     49.44260     33.13000     47.95440     77.61390      9.09720      2.65530      0.02160      6.87350     59.14630
  10776.00000    -43.85070     46.67360     33.83580     89.20960     80.54690      9.15250      2.66450      0.01380      8.05470     59.05200
  10776.50000    -43.68460     44.27600     35.24270     85.01750     83.00800      9.17600      2.66880      0.00910      9.81070     59.43890
  10777.00000    -43.51850     49.52680     39.45970     75.31750     85.55680      9.16660      2.67090      0.00800     10.70570     60.00220
  10777.50000    -43.35240     50.31810     41.79890     92.47330     88.48210      9.15710      2.67520      0.02050     11.31010     60.62490
  10778.00000    -43.18630     51.59190     44.27670    127.50130     91.95740      9.14760      2.67470      0.03100     11.91440     60.81740
  10778.50000    -43.02020     56.93630     40.74060     82.94050     93.84240      9.13820      2.66540      0.02960     12.06900     61.37880
  10779.00000    -42.85410     53.91680     40.08250     65.57680     92.90250      9.12870      2.67290      0.03560     11.51280     62.30680
  10779.50000    -42.76740     50.76470     40.35870     59.03280     90.83310      9.11930      2.69670      0.04040     10.95670     63.20770
  10780.00000    -42.72990     45.15240     40.63690     57.45150     85.48110      9.10980      2.67840      0.02650     10.40060     62.87180
  10780.50000    -42.69240     39.19800     36.54300     57.22470     79.44440      9.10070      2.66210      0.01820      9.84440     62.19070
  10781.00000    -42.65500     34.02890     33.35730     56.34790     75.24280      9.09190      2.65170      0.00730      9.28800     62.07340
  10781.50000    -42.61750     31.03230     31.31390     50.95100     73.40510      9.08300      2.65390      0.00590      8.73020     61.82630
  10782.00000    -42.69110     31.83470     29.76380     41.25630     72.52490      9.07420      2.67040      0.01920      8.48120     61.15620
  10782.50000    -42.81340     32.29780     27.86320     35.69390     71.66420      9.06540      2.67780      0.02410      8.51900     60.55030
  10783.00000    -42.93570     32.43090     27.53980     38.46250     71.19090      9.05660      2.66700      0.01730      8.62430     60.49250
  10783.50000    -43.05800     32.56980     29.44520     43.71720     72.35880      9.04780      2.65090      0.02580      8.48810     60.44760
  10784.00000    -42.71360     32.71610     31.29400     48.38150     75.70030      9.12130      2.64550      0.03140      7.76780     60.25330
  10784.50000    -42.81690     32.86310     32.63940     53.04470     81.70380      9.27840      2.65050      0.05480      7.33520     59.97840
  10785.00000    -42.92030     33.56160     33.55710     53.92760     88.80150      9.50010      2.65670      0.08780      8.25430     59.66750
  10785.50000    -43.02360     35.98300     35.50830     48.98460     95.58650      9.81910      2.67940      0.16240      9.86730     59.53420
  10786.00000    -43.12700     38.57890     37.60060     43.52540    100.39100     10.56130      2.67010      0.20750     11.15420     60.45860
  10786.50000    -43.23040     41.36220     39.82610     43.83640    100.48520     11.17190      2.63300      0.19800     12.72930     62.91190
  10787.00000    -43.33370     39.53970     39.13840     57.14480     96.54910     11.52980      2.62010      0.18920     14.00650     64.81020
  10787.50000    -43.43710     35.32350     34.48630     61.25550     90.75920     11.49750      2.62000      0.18070     14.53720     65.60800
  10788.00000    -43.54050     31.55690     29.61240     53.56970     83.28450     11.00800      2.59500      0.14440     14.72370     65.61970
  10788.50000    -43.64380     28.19190     22.77470     38.50860     76.39790     10.18990      2.58090      0.08920     13.42350     65.28430
  10789.00000    -43.74720     25.06730     17.98850     31.19030     69.97530      9.37920      2.59640      0.03510     10.69520     64.64580
  10789.50000    -43.87120     22.20150     16.12730     26.27190     68.22640      9.13620      2.63320      0.03210      8.07530     63.14800
  10790.00000    -44.07140     19.66330     15.70330     22.13560     72.21990      9.30770      2.65670      0.03930      6.75520     60.89980
  10790.50000    -44.27170     18.99750     15.95170     19.82060     77.81720      9.44960      2.63890      0.01330      6.06450     59.64110
  10791.00000    -44.47190     19.11510     17.50300     19.20460     81.84830      9.59990      2.63290      0.00540      6.32230     59.54900
  10791.50000    -44.67210     23.01990     19.32610     18.60770     83.29600      9.71960      2.62810      0.01220      7.73390     60.33600
  10792.00000    -44.87240     28.64640     21.21610     25.14010     84.92440      9.83920      2.59900      0.03780      9.10010     61.71520
  10792.50000    -45.07260     30.44850     21.85400     37.56290     88.55610      9.95890      2.55990      0.07020     10.03850     62.78120
  10793.00000    -45.31350     29.99580     22.53820     67.55030     92.57300     10.20320      2.51390      0.09930     10.80640     63.46090
  10793.50000    -45.47220     25.62280     23.64440     65.32860     94.56400     10.53600      2.46810      0.13790     11.57430     64.02130
  10794.00000    -45.59860     24.37500     23.53440     39.84650     95.07220     10.64220      2.40140      0.14920     12.34220     64.64940
  10794.50000    -45.72490     23.18790     22.80990     28.81630     96.18860     10.52430      2.40500      0.17570     13.11010     65.40670
  10795.00000    -45.85130     22.16950     21.97830     26.85450     98.39070     11.11530      2.40300      0.21550     14.15080     65.71170
  10795.50000    -45.97760     21.21160     20.76210     25.80070    102.00310     12.01370      2.32500      0.19180     15.30240     65.54890
  10796.00000    -46.10400     19.77440     18.66750     26.56720     98.42250     12.66770      2.31410      0.17860     15.96830     66.02480
  10796.50000    -46.23030     17.34390     17.15810     23.65200     94.25620     12.29890      2.37630      0.16940     16.56220     67.37590
  10797.00000    -46.35670     16.36950     16.58580     20.75630     89.76060     11.89570      2.46200      0.16800     17.15620     69.00440
  10797.50000    -46.62450     15.58670     15.81730     19.33170     86.72750     11.11460      2.49500      0.14490     17.75020     70.07180
  10798.00000    -47.11290     14.84140     13.66540     20.96130     83.22040     10.53690      2.53580      0.09870     15.83150     70.64130
  10798.50000    -47.60140     13.95190     11.01250     19.94580     78.58530     10.04460      2.56670      0.05680     13.94170     69.65510
  10799.00000    -47.77240     12.99560     10.08910     15.25780     75.47840      9.82530      2.61810      0.02960     12.05190     68.11570
  10799.50000    -47.93320     12.44340     10.38630     12.00050     76.70190      9.76470      2.66030      0.02090      8.74370     66.43570
  10800.00000    -48.09400     12.51740     11.89530     11.27990     80.90010      9.73800      2.68160      0.01750      6.94230     64.18310
  10800.50000    -48.25480     13.44370     13.17320     14.06480     83.76460      9.71140      2.68580      0.01820      6.78690     61.72170
  10801.00000    -48.41560     14.43840     13.38410     13.80770     82.06280      9.66080      2.66150      0.02700      7.32600     60.96020
  10801.50000    -49.51690     18.31230     13.40230     14.66620     80.05010      9.58170      2.65530      0.03200      8.15170     60.88770
  10802.00000    -49.85630     23.02130     14.72440     22.03000     80.49830      9.49580      2.65310      0.06490      8.97730     61.24910
  10802.50000    -50.16090     25.40860     16.74000     31.26390     83.01950      9.89290      2.66760      0.09600      9.78260     61.53430
  10803.00000    -51.49990     24.66650     18.83860     38.13480     83.09340      9.87340      2.65150      0.05820     10.62930     61.62130
  10803.50000    -52.66910     23.76450     21.09440     31.85260     79.80080      9.72990      2.65540      0.03700     12.01440     62.06980
  10804.00000    -53.83840     22.89550     23.06610     26.29240     74.21090      9.58030      2.66120      0.03270     12.91730     62.90590
  10804.50000    -55.00770     22.34000     22.76580     23.90210     67.78450      9.41440      2.65640      0.04570     12.46650     63.78910
  10805.00000    -56.40430     21.25900     21.39130     25.79950     62.65740      9.27740      2.63440      0.03690     11.66110     64.46080
  10805.50000    -57.76620     20.23040     19.95390     32.30650     57.83580      9.34270      2.62220      0.04100     10.97870     64.26660
  10806.00000    -58.64640     19.72800     19.69630     28.04660     51.80480      9.41380      2.58910      0.03350     10.70590     62.99360
  10806.50000    -59.89730     20.07320     20.93880     22.32670     46.20790      9.43910      2.55070      0.02000     10.35180     62.16630
  10807.00000    -61.14760     20.42440     22.86100     21.99960     43.94080      9.40950      2.53710      0.01740     10.07220     62.24770
  10807.50000    -62.68610     20.78180     24.95960     25.77120     42.26090      9.31980      2.53130      0.02370      9.98460     62.53630
  10808.00000    -65.09830     20.91090     27.25090     29.89790     38.96770      9.20370      2.50490      0.01730     10.14790     63.21140
  10808.50000    -67.86260     20.80390     28.44270     35.37990     35.69490      8.98360      2.48460      0.01220     12.07740     63.62370
  10809.00000    -70.29340     20.69740     29.53900     35.56780     33.32970      9.00410      2.45950      0.01440     14.03530     64.16070
  10809.50000    -72.72430     20.59140     30.50960     37.37480     32.76910      9.01640      2.46110      0.02020     13.76830     66.30130
  10810.00000    -74.89830     19.77640     28.56320     42.31600     33.05190      9.02870      2.46860      0.02250     13.50110     69.59700
  10810.50000    -76.36220     18.19010     25.22730     44.88150     33.51040      9.04100      2.47480      0.02390     13.23330     72.56090
  10811.00000    -77.82610     16.73110     22.47490     35.33890     33.80420      9.07670      2.48350      0.02530     12.98040     73.75100
  10811.50000    -79.29000     15.38910     19.23910     25.69990     34.43950      9.12580      2.47870      0.02770     12.78870     73.72840
  10812.00000    -80.75390     14.15470     16.46920     19.01920     35.24650      9.17480      2.48090      0.03020     12.59690     73.30810
  10812.50000    -82.17780     13.01940     14.30680     16.94240     36.27870      9.22380      2.49540      0.02990     12.42170     72.78520
  10813.00000    -83.27620     12.05850     12.56550     15.50460     37.19630      9.27290      2.49920      0.01730     12.25430     72.33400
  10813.50000    -84.37450     11.20990     11.70140     15.16560     36.84190      9.32190      2.50590      0.01350     11.96690     71.62670
  10814.00000    -85.47280     10.42110     11.31770     14.98700     36.81980      9.37090      2.50460      0.01900     11.51940     69.73370
  10814.50000    -86.05180     10.17930     11.30960     14.86570     38.71010      9.42000      2.50300      0.02270     11.02470     68.05550
  10815.00000    -86.61940     10.19740     11.37200     14.95420     42.70580      9.42790      2.51050      0.02660     10.31670     66.67380
  10815.50000    -87.18700     10.21560     11.79250     15.14910     49.52880      9.43390      2.51550      0.02690      9.68770     65.77070
  10816.00000    -87.75460     10.25540     12.51980     15.93600     58.31550      9.43990      2.52410      0.02620      9.34590     65.67830
  10816.50000    -88.32220     10.78800     13.31570     18.76010     67.64110      9.44590      2.53130      0.02550      9.33190     66.10430
  10817.00000    -88.88980     11.34830     14.01260     21.35900     70.85640      9.45190      2.54820      0.02580      9.56260     66.83700
  10817.50000    -89.22540     11.93770     14.67210     22.26520     66.11270      9.45790      2.56320      0.03500      9.84590     67.38750
  10818.00000    -89.30210     12.55770     15.38410     23.79340     54.22720      9.43860      2.57630      0.03910     10.12930     66.77210
  10818.50000    -89.37880     13.20990     15.97200     25.51980     43.65880      9.40280      2.55210      0.04500     10.19190     65.35430
  10819.00000    -89.45550     13.89590     16.51500     25.62910     37.73900      9.36710      2.53930      0.03870     10.17040     64.45920
  10819.50000    -89.53220     14.61760     16.97280     25.25960     32.89810      9.33140      2.53800      0.05000     10.00060     64.09270
  10820.00000    -89.59030     15.37680     17.37930     25.95240     32.76760      9.29570      2.53170      0.05130      9.53510     65.22110
  10820.50000    -89.63820     15.70010     18.13010     27.67810     32.63700      9.34680      2.52530      0.03220      8.93320     66.44450
  10821.00000    -89.68620     16.00870     18.40670     29.80400     33.43350      9.41430      2.54080      0.03080      8.33050     67.23630
  10821.50000    -89.73410     16.32330     18.39690     30.78760     34.69090      9.47780      2.54680      0.03290      7.72780     67.89710
  10822.00000    -89.78210     16.64410     18.63120     29.56720     34.95580      9.53050      2.54700      0.03540      7.74500     67.11240
  10822.50000    -89.83010     16.97130     18.89660     25.52240     34.29710      9.55630      2.54280      0.03880      8.61700     65.15160
  10823.00000    -89.87800     17.30490     19.45810     21.13590     34.50560      9.46100      2.53210      0.04220      9.37270     64.04360
  10823.50000    -89.92600     17.49380     19.52680     20.39430     37.91910      9.36570      2.52240      0.04020     10.06540     63.74230
  10824.00000    -89.97400     17.31100     19.59560     25.64810     42.50040      9.27030      2.50950      0.03180     10.37630     64.22180
  10824.50000    -90.02190     17.13010     19.36800     35.01660     46.97320      9.24850      2.49570      0.02680     10.48670     65.15510
  10825.00000    -90.06990     16.95100     19.01600     35.45120     50.96940      9.26570      2.49910      0.02340     10.36680     66.17510
  10825.50000    -90.11780     16.77390     19.25520     26.78970     56.57980      9.36750      2.51600      0.02480     10.03270     66.78740
  10826.00000    -90.16580     16.59860     19.64380     21.55250     59.59930      9.46510      2.53890      0.02470      9.62490     67.07530
  10826.50000    -90.21380     16.42510     19.53880     23.12560     56.46010      9.56120      2.58290      0.02180      9.21720     66.44110
  10827.00000    -90.26170     16.25350     18.92170     24.96300     48.49090      9.65730      2.61290      0.01250      9.02400     64.88480
  10827.50000    -90.28100     16.08360     18.32400     21.89100     40.97470      9.75340      2.61130      0.01630      8.91350     63.31770
  10828.00000    -90.14510     16.04410     17.95270     19.61650     39.18710      9.84960      2.59970      0.01450      8.80300     61.34000
  10828.50000    -90.00920     16.98620     18.26930     18.21510     38.11670      9.82310      2.57500      0.01140      8.65160     60.50500
  10829.00000    -89.87340     17.98360     19.30780     21.76680     38.03100      9.79610      2.56330      0.00430      8.48850     60.75050
  10829.50000    -89.73750     19.03950     21.27030     26.61190     37.58280      9.76910      2.57450      0.00860      8.32550     60.86060
  10830.00000    -89.60160     20.15750     23.43240     35.31110     36.28670      9.74210      2.58220      0.00980      8.11570     61.13620
  10830.50000    -89.46580     21.68830     25.81420     40.55200     33.24740      9.71510      2.55530     -0.00040      7.89540     61.46830
  10831.00000    -89.32990     23.42470     28.38760     41.54420     33.47160      9.68810      2.54090      0.00570      7.67510     61.77500
  10831.50000    -89.07690     25.30010     29.50370     41.61870     36.14490      9.68160      2.54280      0.01580      7.43960     62.32130
  10832.00000    -88.82000     26.80840     29.63090     42.91360     38.91860      9.67600      2.55410      0.01620      7.19780     63.03730
  10832.50000    -88.56320     27.68390     30.13090     41.43950     41.64620      9.67280      2.57020      0.02140      6.95600     63.65660
  10833.00000    -88.30640     28.58800     32.56860     38.41870     44.30380      9.68890      2.58790      0.02760      6.71420     63.66110
  10833.50000    -88.04960     29.52160     35.20340     35.65970     48.30270      9.70500      2.60290      0.03370      6.71110     63.21770
  10834.00000    -87.79270     30.30860     35.69290     39.29080     51.80960      9.72120      2.59380      0.02330      6.98850     62.58770
  10834.50000    -87.53590     30.36940     34.02640     39.61280     53.07440      9.73620      2.60250      0.01900      7.36120     62.04750
  10835.00000    -87.27910     30.43030     32.89020     37.24710     49.63680      9.74610      2.60260      0.01540      8.34850     61.42980
  10835.50000    -87.02230     30.49130     33.63590     39.05180     43.25940      9.75600      2.57030      0.01280      8.97920     60.87040
  10836.00000    -86.76550     30.61550     34.39850     42.78660     38.94740      9.76590      2.53940      0.01600      9.36990     60.56350
  10836.50000    -86.50860     33.07610     35.67060     44.71720     37.29040      9.77570      2.52620      0.02290      9.76060     60.66880
  10837.00000    -86.25180     35.80770     37.42400     44.29520     37.41810      9.78560      2.51970      0.03600     10.15130     61.49310
  10837.50000    -85.99500     38.80300     39.65460     46.59430     36.62680      9.79550      2.52490      0.04790     10.49160     63.28150
  10838.00000    -85.73820     32.72090     42.01820     48.98790     35.83550      9.80530      2.53150      0.03810     10.75590     66.17990
  10838.50000    -85.48130     27.25390     37.38980     48.27040     36.06710      9.80940      2.53120      0.03380     10.71880     68.19070
  10839.00000    -85.22450     22.70030     30.45290     45.82310     38.21910      9.76640      2.55200      0.04120     10.47390     68.56860
  10839.50000    -84.96770     18.90760     24.98640     44.09370     38.98200      9.72330      2.56030      0.03190      9.84200     68.21160
  10840.00000    -84.32320     15.80310     24.95160     38.31270     38.12110      9.68020      2.56840      0.02460      9.22790     65.80970
  10840.50000    -83.64950     18.12040     25.93770     29.76500     36.14070      9.63720      2.55610      0.03230      8.81460     63.33920
  10841.00000    -82.97570     23.85130     37.99590     22.89380     36.09310      9.59410      2.53450      0.03640      8.66170     63.08840
  10841.50000    -82.30190     24.91650     54.61570     25.36130     37.69450      9.57900      2.51760      0.02750      8.53570     63.59070
  10842.00000    -81.62820     26.02920     47.75260     30.25280     39.77140      9.58480      2.51250      0.02800      8.53420     64.77200
  10842.50000    -80.95440     23.94390     34.57990     33.96950     42.11370      9.59070      2.49790      0.02250      8.65670     63.84250
  10843.00000    -80.28060     24.09010     29.80800     36.70830     43.66630      9.60240      2.46920      0.02220      8.99850     63.35470
  10843.50000    -79.28320     27.16940     28.83000     36.32100     45.75300      9.61490      2.43440      0.02530      9.83350     63.54880
  10844.00000    -78.07310     30.64230     39.70890     32.80030     49.38140      9.62730      2.41510      0.04410     11.00120     64.13270
  10844.50000    -76.86300     34.20160     59.63030     29.49880     54.49080      9.63980      2.43310      0.05460     12.17690     65.70720
  10845.00000    -75.65290     37.91860     50.57070     28.56700     59.09540      9.65230      2.47430      0.04880     12.50620     70.36270
  10845.50000    -74.32700     35.63730     28.56300     27.69900     64.07470      9.66480      2.54720      0.08540     11.97480     72.82440
  10846.00000    -72.84720     24.23990     16.13280     29.69550     67.92330      9.67730      2.57020      0.09010     11.43320     72.62790